# x y xlow xhigh ylow yhigh

#   12164100.      3.7	      9136310.        9136300.  	    0.  	   0.1
 4106810000.      3.7	    1.517540E9      1.517540E9  	   0.4  	   0.3
  777464000.     38.9	    333683008.      333686016.  	    0.  	    0.
 4208470000.      3.8	    2.044530E9      2.044530E9  	   0.2  	   0.2
 9693220000.      2.6	    1.040060E9      1.040080E9  	   0.1  	   0.1
 9945260000.     16.1	    2.987910E9      2.987940E9  	    0.  	   0.1
 1251190000.      0.8	    456450016.      456460000.  	    0.  	    0.
 3932600000.      2.2	    2.531770E9      2.531770E9  	   0.2  	   0.1
18970200000.      3.6	   1.058444E10     1.058450E10  	    0.  	    0.
68711300000.       2.	   1.916880E10     1.916880E10  	    0.  	   0.2
 4628470000.      6.8	    3.568120E9      3.568120E9  	   1.5  	   0.5
 6366890000.      1.3	    2.336750E9      2.336760E9  	   0.1  	    0.
 2170480000.      1.9	    978129984.      978140032.  	    0.  	    0.
 4517690000.      1.3	    775590016.      775580032.  	   0.1  	    0.
 3464660000.      1.2	    669160000.      669150016.  	    0.  	    0.
 4882300000.      1.3	    942950016.      942950016.  	   0.1  	   0.1
12564600000.      2.7	    5.123020E9      5.123000E9  	    0.  	    0.
 2489980000.      4.7	    748080000.      748080000.  	   0.1  	   0.2
 2108120000.      1.3	    1.085750E9      1.085760E9  	    0.  	   0.1
 2827880000.      1.7	    849600000.      849590016.  	   1.6  	    0.
 4815040000.     13.9	    2.169910E9      2.169920E9  	   1.2  	   1.8
10547600000.      3.9	    1.810810E9      1.810700E9  	    0.  	   0.1
 3397540000.      3.5	    510370016.      510369984.  	    0.  	    0.
 6527700000.      5.8	    3.642140E9      3.642100E9  	    0.  	   0.2
  899747000.      0.6	    212391008.      212392992.  	    0.  	   0.2
 3023880000.      3.6	    843590016.      843590016.  	    0.  	   0.5
 5416060000.      4.6	    2.069360E9      2.069350E9  	   4.5  	   0.2
 5876740000.      1.5	    1.765580E9      1.765580E9  	    0.  	    0.
15246400000.      2.3	    3.926200E9      3.926200E9  	    0.  	    0.
 3694330000.      1.1	    475670016.      475680000.  	    0.  	    0.
15604700000.     11.9	    7.702030E9      7.702100E9  	   0.2  	   1.3
19773900000.     42.4	   1.273024E10     1.273020E10  	   1.6  	    0.
 7768980000.      3.2	    1.667190E9      1.667200E9  	    0.  	   0.1
 2200800000.      4.9	    188920000.      188910000.  	   0.1  	   0.2
 1839180000.       1.	    828830016.      828830016.  	   0.1  	   0.1
 2280230000.      4.9	    908230016.      908230016.  	    0.  	   0.2
 5050850000.      3.4	    1.517460E9      1.517450E9  	    0.  	   0.1
31483900000.      5.4	    6.756400E9      6.756300E9  	   0.1  	    0.
36231000000.      9.4	    6.997600E9      6.997500E9  	    0.  	    0.
18282000000.     11.3	    5.884900E9      5.884900E9  	    0.  	   1.3
 7565440000.      8.4	    6.693935E9      6.693960E9  	    0.  	    0.
 3129740000.      4.7	    1.007450E9      1.007450E9  	   0.1  	   0.1
28958000000.     14.4	   1.367140E10     1.367140E10  	    0.  	    0.
 2815030000.      1.1	    1.844226E9      1.844220E9  	    0.  	   0.1
14278800000.      6.9	    3.370600E9      3.370600E9  	   0.2  	   0.1
 2841430000.      2.2	    609769984.      609760000.  	   0.1  	   0.1
37171100000.      2.2	   2.075500E10     2.075500E10  	   0.1  	   0.1
 7410720000.     28.7	    5.089010E9      5.088980E9  	    0.  	   0.1
 8763060000.      9.6	    5.298940E9      5.298940E9  	    0.  	    0.
14549200000.      2.6	    8.117730E9      8.117800E9  	    0.  	   0.2
 1880860000.     24.8	    1.089791E9      1.089790E9  	   1.5  	   0.8
 9698050000.      1.6	    2.081170E9      2.081150E9  	    0.  	    0.
19136400000.     19.2	    4.927900E9      4.927900E9  	    0.  	    0.
17123600000.      2.5	    3.674600E9      3.674700E9  	    0.  	   0.1
  492035000.      0.9	    269200000.      269200000.  	    0.  	   0.1
29312500000.      6.5	   1.446790E10     1.446780E10  	    0.  	    0.
 1453300000.      2.2	    530183008.      530190016.  	    0.  	    0.
27073200000.      7.6	    3.485900E9      3.485900E9  	    0.  	    0.
 1962840000.      0.9	    1.263658E9      1.263650E9  	    0.  	   0.1
 3033420000.      4.8	    976440000.      976440000.  	    0.  	    0.
 1926690000.      5.5	    1.529806E9      1.529810E9  	    0.  	   0.2
23915500000.      1.1	   1.668157E10     1.668160E10  	   0.1  	   0.1
 6556080000.      4.3	    2.391750E9      2.391750E9  	   0.2  	    0.
34589000000.      3.9	   1.861600E10     1.861590E10  	   3.8  	    0.
 5434710000.      1.3	    1.632780E9      1.632780E9  	    0.  	    0.
28199700000.      2.1	   1.210310E10     1.210310E10  	    2.  	    0.
 5588770000.      2.3	    3.238190E9      3.238190E9  	   0.1  	    0.
 1040570000.      1.1	    826521984.      826529984.  	   0.1  	   0.1
 3495160000.      3.4	    1.275080E9      1.275090E9  	   0.2  	   0.1
 1632020000.      4.2	    525340000.      525329984.  	   0.2  	    0.
12072000000.      5.6	    6.476510E9      6.476600E9  	   0.1  	   0.2
 1030020000.      4.3	    828380032.      828380032.  	   0.3  	   0.4
35183900000.     29.4	    6.795300E9      6.795300E9  	    0.  	   0.3
 1946690000.       1.	    938780032.      938780032.  	    0.  	    0.
 4087110000.      2.4	    263120000.      263120000.  	    0.  	    0.
26508800000.      2.2	   2.400738E10     2.400750E10  	   0.2  	    0.
 8294100000.      4.9	    3.741990E9      3.742000E9  	   0.2  	   0.2
14162100000.      2.5	    5.372490E9      5.372500E9  	    0.  	   0.5
13142400000.      3.1	    2.820300E9      2.820400E9  	    3.  	   0.1
 8370440000.      2.5	    3.412910E9      3.412860E9  	   0.2  	    0.
24225300000.     12.1	   1.427505E10     1.427510E10  	    0.  	   0.3
26857700000.      8.3	    7.492700E9      7.492600E9  	    0.  	   0.8
 4827880000.      4.9	    1.657680E9      1.657670E9  	   0.2  	   0.1
 6643000000.      6.6	    1.710680E9      1.710680E9  	   1.3  	   0.3
  387112000.      0.4	     41537000.       41536000.  	    0.  	    0.
  341209000.      0.4	     43934000.       43933000.  	    0.  	    0.
 1181860000.      3.9	    634060032.      634049984.  	   0.3  	   0.2
22540100000.      2.6	    5.814500E9      5.814500E9  	    0.  	    0.
 5813430000.      2.3	    2.370330E9      2.370330E9  	   0.1  	   0.5
 2175430000.      1.5	    653580032.      653569984.  	    0.  	   0.1
13576500000.      2.9	    2.622100E9      2.622100E9  	    0.  	   0.1
4.4397400E11      2.4	   4.062350E11     4.062360E11  	   0.1  	   0.4
40623000000.     15.6	   3.399847E10     3.399850E10  	    0.  	    0.
42756700000.     15.9	   2.293860E10     2.293860E10  	    0.  	   0.5
 8479690000.       2.	    1.273790E9      1.273800E9  	    0.  	   0.1
13305900000.      4.2	    4.537330E9      4.537300E9  	    0.  	   0.2
11286300000.     13.6	    1.937590E9      1.937600E9  	  13.5  	    0.
 5679110000.      6.8	    2.803050E9      2.803050E9  	    0.  	   0.3
13307100000.      3.6	    5.492970E9      5.493000E9  	    0.  	   0.2
38860500000.      5.9	    7.197900E9      7.198000E9  	    0.  	   0.2
4.0089400E11      3.9	   3.244729E11     3.244730E11  	   0.2  	   0.2
   95737100.      1.8	     53416600.       53416900.  	    0.  	   0.1
   47769200.      1.4	      7175800.        7175800.  	   0.1  	    0.
#   16439200.      2.5	     11288960.       11288900.  	   0.1  	    0.
  329228000.      0.3	    141303008.      141302000.  	    0.  	    0.
  157527000.       1.	     37185000.       37186000.  	    0.  	    0.
 1457730000.     11.2	    785492032.      785500032.  	    0.  	   0.3
  112378000.      1.1	     65113200.       65113000.  	    0.  	   0.1
  701908000.      3.2	    617571008.      617571968.  	   0.1  	   0.1
