#x           y      xlow        xhigh       ylow   yhigh
158099.      3.7    16315.      16314.      0.     0.1
1227710.     3.1    263580.     263580.     0.6    0.6
774633.      3.7    166308.     166309.     0.4    0.3
9227760.     38.9   1941510.    1941540.    0.     0.
1049770.     3.8    236008.     236020.     0.2    0.2
1194890.     2.6    149070.     149070.     0.1    0.1
37429400.    16.1   1218900.    1218800.    0.     0.1
1741430.     0.8    111560.     111570.     0.     0.
115386.      2.2    31962.4     31961.      0.2    0.1
11831300.    3.6    3094270.    3094300.    0.     0.
6154780.     6.8    987680.     987680.     1.5    0.5
3237070.     1.3    756070.     756060.     0.1    0.
1004970.     1.9    229273.     229270.     0.     0.
849369.      1.3    182354.     182351.     0.1    0.
3619430.     1.2    1297290.    1297290.    0.     0.
2595080.     1.3    606120.     606120.     0.1    0.1
78004000.    2.7    2023600.    2023600.    0.     0.
7224810.     4.7    2505080.    2505080.    0.1    0.2
4431780.     1.3    3345760.    3345760.    0.     0.1
46773100.    1.7    28923600.   28923600.   1.6    0.
2382850.     13.9   511580.     511580.     1.2    1.8
17611900.    3.9    9209290.    9209200.    0.     0.1
4256930.     3.5    895650.     895650.     0.     0.
32517500.    5.8    1834100.    1834000.    0.     0.2
1109720.     0.6    36140.      36130.      0.     0.2
3812520.     3.6    605470.     605480.     0.     0.5
314884.      4.6    69217.      69218.      4.5    0.2
3820420.     1.5    598020.     598020.     0.     0.
173827000.   2.3    7237000.    7237000.    0.     0.
2212460.     4.4    93840.      93840.      0.1    0.
7945420.     1.1    797460.     797460.     0.     0.
5310020.     11.9   1117220.    1117220.    0.2    1.3
100952000.   42.4   4202600.    4204000.    1.6    0.
5117950.     3.2    1076810.    1076810.    0.     0.1
875289.      4.9    241617.     241621.     0.1    0.2
604082.      1.     129692.     129693.     0.1    0.1
4667630.     4.9    1002110.    1002100.    0.     0.2
8050090.     3.4    5256990.    5257010.    0.     0.1
17103900.    5.4    3598600.    3598700.    0.1    0.
152798000.   9.4    4976000.    4975000.    0.     0.
4582430.     11.3   983810.     983820.     0.     1.3
20563500.    8.4    4326600.    4326500.    0.     0.
1758780.     4.7    279310.     279320.     0.1    0.1
263937000.   14.4   27080000.   27080000.   0.     0.
3091370.     1.1    722030.     722040.     0.     0.1
9464920.     6.9    1153220.    1153180.    0.2    0.1
1790530.     2.2    163610.     163620.     0.1    0.1
3751040.     1.4    855750.     855750.     0.     0.2
8111410.     2.2    1741460.    1741460.    0.1    0.1
23390800.    28.7   1721600.    1721600.    0.     0.1
48362400.    9.6    28981300.   28981300.   0.     0.
30346100.    2.6    16531700.   16531800.   0.     0.2
1313760.     24.8   301540.     301540.     1.5    0.8
7723420.     1.6    1765330.    1765320.    0.     0.
78821500.    19.2   46312900.   46312500.   0.     0.
3229210.     2.5    693290.     693290.     0.     0.1
191492.      0.9    44725.      44726.      0.     0.1
14148500.    6.5    2208700.    2208700.    0.     0.
638405.      2.2    134319.     134319.     0.     0.
16036000.    7.6    3373900.    3374000.    0.     0.
2388640.     0.9    544930.     544940.     0.     0.1
4765970.     4.8    1087290.    1087290.    0.     0.
9933360.     5.5    2089960.    2089940.    0.     0.2
9061760.     1.1    295080.     295080.     0.1    0.1
1262110.     4.3    265548.     265540.     0.2    0.
7813930.     3.9    4004460.    4004470.    3.8    0.
1745280.     0.9    345060.     345070.     0.     0.
1928470.     1.3    62800.      62800.      0.     0.
55602700.    2.1    11698700.   11698800.   2.     0.
7449320.     2.3    193250.     193260.     0.1    0.
803704.      1.1    172549.     172550.     0.1    0.1
2234070.     3.4    479640.     479640.     0.2    0.1
478803.      4.2    246751.     246751.     0.2    0.
803704.      5.6    169098.     169098.     0.1    0.2
4488030.     4.3    1667780.    1667780.    0.3    0.4
3412680.     1.     718020.     718030.     0.     0.
53229400.    2.4    12143600.   12143500.   0.     0.
22395000.    2.2    5109100.    5109100.    0.2    0.
1892760.     4.9    406360.     406370.     0.2    0.2
65185500.    5.     17993900.   17994000.   0.     0.2
3673640.     2.5    788710.     788700.     0.     0.5
18587100.    3.1    605200.     605300.     3.     0.1
2281140.     2.5    532800.     532790.     0.2    0.
17421900.    12.1   3665500.    3665600.    0.     0.3
13215900.    8.3    2780600.    2780600.    0.     0.8
571758.      4.9    18618.      18619.      0.2    0.1
1409980.     6.6    85900.      85900.      1.3    0.3
233490.      0.4    15290.      15290.      0.     0.
502202.      0.4    39528.      39529.      0.     0.
8635450.     11.9   716030.     716030.     0.7    0.4
88338.8      3.9    24470.      24470.2     0.3    0.2
4078690.     2.6    144620.     144610.     0.     0.
1358320.     2.3    86600.      86590.      0.1    0.5
834089.      1.5    132464.     132464.     0.     0.1
4066420.     2.9    645800.     645800.     0.     0.1
3648130.     2.4    491180.     491170.     0.1    0.4
8186460.     15.6   1757570.    1757580.    0.     0.
16036000.    15.9   3373900.    3374000.    0.     0.5
5322940.     2.     1243250.    1243250.    0.     0.1
6502740.     4.2    1368170.    1368160.    0.     0.2
22135900.    13.6   4657400.    4657300.    13.5   0.
1079470.     6.8    43050.      43060.      0.     0.3
5768940.     3.6    1213770.    1213780.    0.     0.2
15071300.    5.9    3438300.    3438300.    0.     0.2
3601380.     3.9    2360500.    2360500.    0.2    0.2
43067.7      1.8    10059.1     10059.1     0.     0.1
64448.5      0.4    10448.2     10448.1     0.     0.3
55738.       1.4    13018.4     13018.4     0.1    0.
54750.8      2.5    4224.2      4224.2      0.1    0.
193771.      0.3    17844.      17845.      0.     0.
1106920.     1.     28710.      28720.      0.     0.
662652.      1.5    50661.      50661.      0.2    4.3
5877770.     10.3   191400.     191400.     0.1    0.4
3148850.     11.2   735460.     735460.     0.     0.3
2034220.     1.1    68720.      68730.      0.     0.1
1023650.     3.2    233532.     233530.     0.1    0.1
